step=0, point=(6, 5), visible=[(2, 0), (3, 0), (4, 0), (5, 0), (6, 0), (7, 0), (8, 0), (9, 0), (10, 0), (12, 0), (1, 1), (3, 1), (4, 1), (5, 1), (6, 1), (7, 1), (8, 1), (9, 1), (11, 1), (12, 1), (1, 2), (2, 2), (4, 2), (5, 2), (6, 2), (7, 2), (8, 2), (10, 2), (11, 2), (12, 2), (13, 2), (1, 3), (2, 3), (3, 3), (5, 3), (6, 3), (7, 3), (9, 3), (10, 3), (11, 3), (12, 3), (13, 3), (1, 4), (2, 4), (3, 4), (4, 4), (6, 4), (8, 4), (9, 4), (10, 4), (11, 4), (12, 4), (13, 4), (1, 5), (2, 5), (3, 5), (4, 5), (5, 5), (6, 5), (7, 5), (8, 5), (9, 5), (10, 5), (11, 5), (12, 5), (13, 5), (14, 5), (1, 6), (2, 6), (3, 6), (4, 6), (6, 6), (8, 6), (9, 6), (10, 6), (11, 6), (12, 6), (13, 6), (1, 7), (2, 7), (3, 7), (5, 7), (6, 7), (7, 7), (9, 7), (10, 7), (11, 7), (12, 7), (13, 7), (1, 8), (2, 8), (4, 8), (5, 8), (6, 8), (7, 8), (8, 8), (10, 8), (11, 8), (12, 8), (13, 8), (1, 9), (3, 9), (4, 9), (5, 9), (6, 9), (7, 9), (8, 9), (9, 9), (11, 9), (12, 9), (2, 10), (3, 10), (4, 10), (5, 10), (6, 10), (7, 10), (8, 10), (9, 10), (10, 10), (12, 10), (1, 11), (2, 11), (3, 11), (4, 11), (5, 11), (6, 11), (7, 11), (8, 11), (9, 11), (5, 4), (4, 3), (3, 2), (2, 1), (1, 0), (7, 4), (8, 3), (9, 2), (10, 1), (11, 0), (5, 6), (4, 7), (3, 8), (2, 9), (1, 10), (7, 6), (8, 7), (9, 8), (10, 9), (11, 10)]
step=1, point=(14, 2), visible=[(14, 1), (14, 2), (14, 3), (14, 4), (14, 6), (14, 7), (14, 8), (13, 9), (14, 9), (14, 10), (13, 1)]
step=2, point=(21, 6), visible=[(17, 1), (18, 1), (19, 1), (20, 1), (21, 1), (22, 1), (23, 1), (24, 1), (25, 1), (27, 1), (16, 2), (18, 2), (19, 2), (20, 2), (21, 2), (22, 2), (23, 2), (24, 2), (26, 2), (27, 2), (16, 3), (17, 3), (19, 3), (20, 3), (21, 3), (22, 3), (23, 3), (25, 3), (26, 3), (27, 3), (28, 3), (16, 4), (17, 4), (18, 4), (20, 4), (21, 4), (22, 4), (24, 4), (25, 4), (26, 4), (27, 4), (28, 4), (16, 5), (17, 5), (18, 5), (19, 5), (21, 5), (23, 5), (24, 5), (25, 5), (26, 5), (27, 5), (28, 5), (16, 6), (17, 6), (18, 6), (19, 6), (20, 6), (21, 6), (22, 6), (23, 6), (24, 6), (25, 6), (26, 6), (27, 6), (28, 6), (16, 7), (17, 7), (18, 7), (19, 7), (21, 7), (23, 7), (24, 7), (25, 7), (26, 7), (27, 7), (28, 7), (16, 8), (17, 8), (18, 8), (20, 8), (21, 8), (22, 8), (24, 8), (25, 8), (26, 8), (27, 8), (28, 8), (16, 9), (17, 9), (19, 9), (20, 9), (21, 9), (22, 9), (23, 9), (25, 9), (26, 9), (27, 9), (28, 9), (16, 10), (18, 10), (19, 10), (20, 10), (21, 10), (22, 10), (23, 10), (24, 10), (26, 10), (27, 10), (17, 11), (18, 11), (21, 11), (22, 11), (23, 11), (24, 11), (25, 11), (27, 11), (16, 12), (17, 12), (20, 5), (19, 4), (18, 3), (17, 2), (16, 1), (22, 5), (23, 4), (24, 3), (25, 2), (26, 1), (20, 7), (19, 8), (18, 9), (17, 10), (16, 11), (22, 7), (23, 8), (24, 9), (25, 10), (26, 11)]
step=3, point=(28, 2), visible=[(28, 2), (28, 10)]
step=4, point=(35, 7), visible=[(31, 2), (32, 2), (33, 2), (34, 2), (35, 2), (36, 2), (37, 2), (38, 2), (39, 2), (41, 2), (30, 3), (32, 3), (33, 3), (34, 3), (35, 3), (36, 3), (37, 3), (38, 3), (40, 3), (41, 3), (30, 4), (31, 4), (33, 4), (34, 4), (35, 4), (36, 4), (37, 4), (39, 4), (40, 4), (41, 4), (42, 4), (30, 5), (31, 5), (32, 5), (34, 5), (35, 5), (36, 5), (38, 5), (39, 5), (40, 5), (41, 5), (42, 5), (30, 6), (31, 6), (32, 6), (33, 6), (35, 6), (37, 6), (38, 6), (39, 6), (40, 6), (41, 6), (42, 6), (30, 7), (31, 7), (32, 7), (33, 7), (34, 7), (35, 7), (36, 7), (37, 7), (38, 7), (39, 7), (40, 7), (41, 7), (42, 7), (43, 7), (30, 8), (31, 8), (32, 8), (33, 8), (35, 8), (37, 8), (38, 8), (39, 8), (40, 8), (41, 8), (42, 8), (30, 9), (31, 9), (32, 9), (34, 9), (35, 9), (36, 9), (38, 9), (39, 9), (40, 9), (41, 9), (42, 9), (30, 10), (31, 10), (33, 10), (34, 10), (35, 10), (36, 10), (37, 10), (39, 10), (40, 10), (41, 10), (42, 10), (30, 11), (32, 11), (33, 11), (34, 11), (35, 11), (36, 11), (37, 11), (38, 11), (41, 11), (34, 6), (33, 5), (32, 4), (31, 3), (30, 2), (36, 6), (37, 5), (38, 4), (39, 3), (40, 2), (34, 8), (33, 9), (32, 10), (31, 11), (36, 8), (37, 9), (38, 10)]
step=5, point=(43, 3), visible=[(43, 2), (42, 3), (43, 3), (43, 4), (43, 5), (43, 6), (43, 8), (43, 9), (43, 10), (43, 11), (42, 2)]
step=6, point=(51, 7), visible=[(47, 2), (48, 2), (49, 2), (50, 2), (51, 2), (52, 2), (53, 2), (54, 2), (55, 2), (57, 2), (46, 3), (48, 3), (49, 3), (50, 3), (51, 3), (52, 3), (53, 3), (54, 3), (56, 3), (57, 3), (46, 4), (47, 4), (49, 4), (50, 4), (51, 4), (52, 4), (53, 4), (55, 4), (56, 4), (57, 4), (58, 4), (46, 5), (47, 5), (48, 5), (50, 5), (51, 5), (52, 5), (54, 5), (55, 5), (56, 5), (57, 5), (58, 5), (46, 6), (47, 6), (48, 6), (49, 6), (51, 6), (53, 6), (54, 6), (55, 6), (56, 6), (57, 6), (58, 6), (46, 7), (47, 7), (48, 7), (49, 7), (50, 7), (51, 7), (52, 7), (53, 7), (54, 7), (55, 7), (56, 7), (57, 7), (58, 7), (59, 7), (46, 8), (47, 8), (48, 8), (49, 8), (51, 8), (53, 8), (54, 8), (55, 8), (56, 8), (57, 8), (58, 8), (46, 9), (47, 9), (48, 9), (50, 9), (51, 9), (52, 9), (54, 9), (55, 9), (56, 9), (57, 9), (58, 9), (46, 10), (47, 10), (49, 10), (50, 10), (51, 10), (52, 10), (53, 10), (55, 10), (56, 10), (57, 10), (58, 10), (46, 11), (48, 11), (51, 11), (52, 11), (53, 11), (54, 11), (56, 11), (57, 11), (47, 12), (46, 13), (47, 13), (50, 6), (49, 5), (48, 4), (47, 3), (46, 2), (52, 6), (53, 5), (54, 4), (55, 3), (56, 2), (50, 8), (49, 9), (48, 10), (47, 11), (46, 12), (52, 8), (53, 9), (54, 10), (55, 11)]
step=7, point=(59, 3), visible=[(59, 2), (58, 3), (59, 3), (59, 4), (59, 5), (59, 6), (59, 8), (59, 9), (59, 10), (59, 11), (58, 2)]
step=8, point=(13, 18), visible=[(13, 10), (12, 11), (13, 11), (12, 12), (13, 12), (18, 12), (7, 13), (9, 13), (10, 13), (11, 13), (12, 13), (13, 13), (14, 13), (15, 13), (16, 13), (17, 13), (19, 13), (7, 14), (8, 14), (10, 14), (11, 14), (12, 14), (13, 14), (14, 14), (15, 14), (16, 14), (18, 14), (19, 14), (7, 15), (8, 15), (9, 15), (11, 15), (12, 15), (13, 15), (14, 15), (15, 15), (17, 15), (18, 15), (9, 16), (10, 16), (12, 16), (13, 16), (14, 16), (16, 16), (11, 17), (13, 17), (12, 18), (13, 18), (10, 19), (11, 19), (13, 19), (6, 20), (7, 20), (8, 20), (9, 20), (10, 20), (12, 20), (13, 20), (14, 20), (6, 21), (7, 21), (8, 21), (9, 21), (11, 21), (12, 21), (13, 21), (14, 21), (7, 22), (8, 22), (10, 22), (11, 22), (12, 22), (13, 22), (14, 22), (7, 23), (9, 23), (10, 23), (11, 23), (12, 23), (13, 23), (14, 23), (8, 24), (9, 24), (10, 24), (11, 24), (12, 24), (13, 24), (14, 24), (10, 25), (11, 25), (12, 25), (13, 25), (14, 25), (13, 26), (12, 17), (11, 16), (10, 15), (9, 14), (8, 13), (14, 17), (15, 16), (16, 15), (17, 14), (18, 13), (12, 19), (11, 20), (10, 21), (9, 22), (8, 23), (14, 19)]
step=9, point=(28, 11), visible=[(28, 11)]
step=10, point=(42, 19), visible=[(42, 11), (41, 12), (42, 12), (43, 12), (38, 13), (39, 13), (40, 13), (41, 13), (42, 13), (43, 13), (44, 13), (45, 13), (39, 14), (40, 14), (41, 14), (42, 14), (43, 14), (44, 14), (45, 14), (46, 14), (48, 14), (40, 15), (41, 15), (42, 15), (43, 15), (44, 15), (45, 15), (47, 15), (40, 16), (41, 16), (42, 16), (43, 16), (44, 16), (46, 16), (41, 17), (42, 17), (43, 17), (42, 18), (34, 19), (35, 19), (36, 19), (37, 19), (38, 19), (39, 19), (40, 19), (41, 19), (42, 19), (43, 19), (35, 20), (36, 20), (37, 20), (38, 20), (39, 20), (40, 20), (42, 20), (35, 21), (36, 21), (37, 21), (38, 21), (39, 21), (41, 21), (42, 21), (43, 21), (35, 22), (36, 22), (37, 22), (38, 22), (40, 22), (41, 22), (42, 22), (43, 22), (36, 23), (37, 23), (39, 23), (40, 23), (41, 23), (42, 23), (43, 23), (36, 24), (38, 24), (39, 24), (40, 24), (41, 24), (42, 24), (43, 24), (37, 25), (38, 25), (39, 25), (40, 25), (41, 25), (42, 25), (43, 25), (39, 26), (40, 26), (41, 26), (42, 26), (43, 26), (42, 27), (41, 18), (43, 18), (44, 17), (45, 16), (46, 15), (47, 14), (41, 20), (40, 21), (39, 22), (38, 23), (37, 24), (43, 20)]
step=11, point=(58, 11), visible=[(58, 11)]
step=12, point=(52, 16), visible=[(48, 13), (50, 13), (51, 13), (52, 13), (53, 13), (54, 13), (56, 13), (57, 13), (58, 13), (59, 13), (49, 14), (51, 14), (52, 14), (53, 14), (55, 14), (56, 14), (57, 14), (58, 14), (59, 14), (48, 15), (49, 15), (50, 15), (52, 15), (54, 15), (55, 15), (56, 15), (57, 15), (58, 15), (59, 15), (47, 16), (48, 16), (49, 16), (50, 16), (51, 16), (52, 16), (53, 16), (54, 16), (55, 16), (56, 16), (57, 16), (58, 16), (59, 16), (60, 16), (45, 17), (46, 17), (51, 15), (50, 14), (49, 13), (48, 12), (53, 15), (54, 14), (55, 13)]
step=13, point=(4, 16), visible=[(2, 13), (3, 13), (4, 13), (5, 13), (6, 13), (1, 14), (3, 14), (4, 14), (5, 14), (1, 15), (2, 15), (4, 15), (6, 15), (1, 16), (2, 16), (3, 16), (4, 16), (5, 16), (6, 16), (7, 16), (8, 16), (3, 15), (2, 14), (1, 13), (5, 15), (6, 14)]
step=14, point=(28, 13), visible=[(20, 13), (21, 13), (22, 13), (23, 13), (24, 13), (25, 13), (26, 13), (27, 13), (28, 13), (29, 13), (30, 13), (31, 13), (32, 13), (33, 13), (34, 13), (35, 13), (36, 13), (21, 14), (22, 14), (23, 14), (24, 14), (25, 14), (26, 14), (28, 14), (30, 14), (31, 14), (32, 14), (33, 14), (34, 14), (35, 14), (21, 15), (22, 15), (23, 15), (24, 15), (25, 15), (27, 15), (28, 15), (29, 15), (31, 15), (32, 15), (33, 15), (34, 15), (35, 15), (21, 16), (22, 16), (23, 16), (24, 16), (26, 16), (27, 16), (28, 16), (29, 16), (30, 16), (32, 16), (33, 16), (34, 16), (35, 16), (27, 14), (26, 15), (25, 16), (29, 14), (30, 15), (31, 16)]
step=15, point=(39, 15), visible=[(36, 14), (37, 14), (36, 15), (37, 15), (38, 15), (39, 15), (36, 16), (37, 16), (39, 16), (38, 14), (37, 13), (38, 16)]
step=16, point=(68, 13), visible=[(60, 13), (61, 13), (62, 13), (63, 13), (64, 13), (65, 13), (66, 13), (67, 13), (68, 13), (69, 13), (70, 13), (71, 13), (72, 13), (73, 13), (74, 13), (75, 13), (76, 13), (61, 14), (62, 14), (63, 14), (64, 14), (65, 14), (66, 14), (68, 14), (70, 14), (71, 14), (72, 14), (73, 14), (74, 14), (75, 14), (61, 15), (62, 15), (63, 15), (64, 15), (65, 15), (67, 15), (68, 15), (69, 15), (71, 15), (72, 15), (73, 15), (74, 15), (75, 15), (61, 16), (62, 16), (63, 16), (64, 16), (66, 16), (67, 16), (68, 16), (69, 16), (70, 16), (72, 16), (73, 16), (74, 16), (75, 16), (63, 17), (65, 17), (66, 17), (67, 17), (68, 17), (69, 17), (70, 17), (71, 17), (73, 17), (74, 17), (71, 18), (72, 18), (72, 19), (73, 19), (67, 14), (66, 15), (65, 16), (64, 17), (69, 14), (70, 15), (71, 16), (72, 17), (73, 18)]
step=17, point=(77, 21), visible=[(77, 13), (76, 14), (77, 14), (78, 14), (79, 14), (80, 14), (76, 15), (77, 15), (78, 15), (79, 15), (76, 16), (77, 16), (78, 16), (79, 16), (76, 17), (77, 17), (78, 17), (76, 18), (77, 18), (78, 18), (76, 19), (77, 19), (78, 19), (82, 19), (83, 19), (84, 19), (77, 20), (79, 20), (80, 20), (81, 20), (82, 20), (83, 20), (84, 20), (76, 21), (77, 21), (78, 21), (79, 21), (80, 21), (81, 21), (82, 21), (83, 21), (84, 21), (85, 21), (77, 22), (79, 22), (80, 22), (81, 22), (82, 22), (83, 22), (84, 22), (76, 23), (77, 23), (78, 23), (80, 23), (81, 23), (82, 23), (83, 23), (84, 23), (76, 24), (77, 24), (78, 24), (79, 24), (81, 24), (82, 24), (83, 24), (84, 24), (76, 25), (77, 25), (78, 25), (79, 25), (80, 25), (82, 25), (83, 25), (76, 26), (77, 26), (78, 26), (79, 26), (80, 26), (81, 26), (83, 26), (76, 27), (77, 27), (78, 27), (79, 27), (80, 27), (81, 27), (82, 27), (76, 28), (77, 28), (78, 28), (79, 28), (80, 28), (76, 20), (78, 20), (76, 22), (78, 22), (79, 23), (80, 24), (81, 25), (82, 26)]
step=18, point=(81, 13), visible=[(78, 13), (79, 13), (80, 13), (81, 13), (81, 14), (80, 15), (81, 15), (82, 15), (84, 15), (80, 16), (81, 16), (82, 16), (83, 16), (85, 16), (86, 16), (75, 17), (79, 17), (80, 17), (81, 17), (82, 17), (83, 17), (84, 17), (86, 17), (87, 17), (82, 14), (83, 15), (84, 16), (85, 17)]
step=19, point=(20, 16), visible=[(20, 14), (20, 15), (17, 16), (18, 16), (19, 16), (20, 16), (15, 17), (16, 17), (17, 17), (18, 17), (16, 18), (17, 18), (16, 19), (17, 20), (16, 21), (19, 15), (19, 17), (18, 18), (17, 19), (16, 20)]
step=20, point=(60, 15), visible=[(60, 14), (60, 15)]
step=21, point=(88, 14), visible=[(83, 14), (84, 14), (85, 14), (86, 14), (87, 14), (88, 14), (85, 15), (86, 15), (88, 15), (87, 16), (88, 16), (88, 17), (87, 15)]
step=22, point=(52, 22), visible=[(46, 18), (47, 18), (46, 19), (47, 19), (48, 19), (50, 19), (51, 19), (52, 19), (53, 19), (54, 19), (56, 19), (57, 19), (58, 19), (59, 19), (46, 20), (47, 20), (48, 20), (49, 20), (51, 20), (52, 20), (53, 20), (55, 20), (56, 20), (57, 20), (58, 20), (59, 20), (46, 21), (47, 21), (48, 21), (49, 21), (50, 21), (52, 21), (54, 21), (55, 21), (56, 21), (57, 21), (58, 21), (59, 21), (46, 22), (47, 22), (48, 22), (49, 22), (50, 22), (51, 22), (52, 22), (53, 22), (54, 22), (55, 22), (56, 22), (57, 22), (58, 22), (59, 22), (46, 23), (47, 23), (48, 23), (49, 23), (50, 23), (52, 23), (54, 23), (55, 23), (56, 23), (57, 23), (58, 23), (59, 23), (46, 24), (47, 24), (48, 24), (49, 24), (51, 24), (52, 24), (53, 24), (55, 24), (56, 24), (57, 24), (58, 24), (59, 24), (46, 25), (47, 25), (48, 25), (50, 25), (51, 25), (52, 25), (53, 25), (54, 25), (56, 25), (57, 25), (58, 25), (59, 25), (46, 26), (47, 26), (49, 26), (50, 26), (51, 26), (52, 26), (53, 26), (54, 26), (55, 26), (57, 26), (58, 26), (46, 27), (48, 27), (49, 27), (50, 27), (51, 27), (52, 27), (53, 27), (54, 27), (55, 27), (56, 27), (58, 27), (47, 28), (48, 28), (49, 28), (50, 28), (51, 28), (52, 28), (53, 28), (54, 28), (55, 28), (56, 28), (57, 28), (51, 21), (50, 20), (49, 19), (48, 18), (47, 17), (53, 21), (54, 20), (55, 19), (51, 23), (50, 24), (49, 25), (48, 26), (47, 27), (53, 23), (54, 24), (55, 25), (56, 26), (57, 27)]
step=23, point=(48, 17), visible=[(48, 17)]
step=24, point=(6, 24), visible=[(2, 19), (3, 19), (4, 19), (5, 19), (6, 19), (7, 19), (8, 19), (9, 19), (1, 20), (3, 20), (4, 20), (5, 20), (1, 21), (2, 21), (4, 21), (5, 21), (1, 22), (2, 22), (3, 22), (5, 22), (6, 22), (1, 23), (2, 23), (3, 23), (4, 23), (6, 23), (1, 24), (2, 24), (3, 24), (4, 24), (5, 24), (6, 24), (7, 24), (1, 25), (2, 25), (3, 25), (4, 25), (6, 25), (8, 25), (9, 25), (1, 26), (2, 26), (3, 26), (5, 26), (6, 26), (7, 26), (9, 26), (10, 26), (11, 26), (12, 26), (1, 27), (2, 27), (4, 27), (5, 27), (6, 27), (7, 27), (8, 27), (10, 27), (11, 27), (12, 27), (13, 27), (1, 28), (3, 28), (4, 28), (5, 28), (6, 28), (7, 28), (8, 28), (9, 28), (11, 28), (12, 28), (5, 23), (4, 22), (3, 21), (2, 20), (1, 19), (5, 25), (4, 26), (3, 27), (2, 28), (7, 25), (8, 26), (9, 27), (10, 28)]
step=25, point=(23, 24), visible=[(19, 19), (20, 19), (21, 19), (22, 19), (23, 19), (24, 19), (25, 19), (26, 19), (27, 19), (18, 20), (20, 20), (21, 20), (22, 20), (23, 20), (24, 20), (25, 20), (26, 20), (28, 20), (17, 21), (18, 21), (19, 21), (21, 21), (22, 21), (23, 21), (24, 21), (25, 21), (27, 21), (28, 21), (16, 22), (17, 22), (18, 22), (19, 22), (20, 22), (22, 22), (23, 22), (24, 22), (26, 22), (27, 22), (28, 22), (16, 23), (17, 23), (18, 23), (19, 23), (20, 23), (21, 23), (23, 23), (25, 23), (26, 23), (27, 23), (28, 23), (16, 24), (17, 24), (18, 24), (19, 24), (20, 24), (21, 24), (22, 24), (23, 24), (24, 24), (25, 24), (26, 24), (27, 24), (28, 24), (16, 25), (17, 25), (18, 25), (19, 25), (20, 25), (21, 25), (23, 25), (25, 25), (26, 25), (27, 25), (28, 25), (16, 26), (17, 26), (18, 26), (19, 26), (20, 26), (22, 26), (23, 26), (24, 26), (26, 26), (27, 26), (28, 26), (16, 27), (17, 27), (18, 27), (19, 27), (21, 27), (22, 27), (23, 27), (24, 27), (25, 27), (27, 27), (28, 27), (17, 28), (18, 28), (20, 28), (21, 28), (22, 28), (23, 28), (24, 28), (25, 28), (26, 28), (28, 28), (22, 23), (21, 22), (20, 21), (19, 20), (18, 19), (24, 23), (25, 22), (26, 21), (27, 20), (28, 19), (22, 25), (21, 26), (20, 27), (19, 28), (24, 25), (25, 26), (26, 27), (27, 28)]
step=26, point=(35, 24), visible=[(31, 19), (32, 19), (33, 19), (30, 20), (32, 20), (33, 20), (34, 20), (30, 21), (31, 21), (33, 21), (34, 21), (30, 22), (31, 22), (32, 22), (34, 22), (30, 23), (31, 23), (32, 23), (33, 23), (35, 23), (30, 24), (31, 24), (32, 24), (33, 24), (34, 24), (35, 24), (30, 25), (31, 25), (32, 25), (33, 25), (35, 25), (30, 26), (31, 26), (32, 26), (34, 26), (35, 26), (36, 26), (38, 26), (30, 27), (31, 27), (33, 27), (34, 27), (35, 27), (36, 27), (37, 27), (39, 27), (40, 27), (41, 27), (30, 28), (32, 28), (33, 28), (34, 28), (35, 28), (36, 28), (37, 28), (38, 28), (40, 28), (41, 28), (34, 23), (33, 22), (32, 21), (31, 20), (30, 19), (34, 25), (33, 26), (32, 27), (31, 28), (36, 25), (37, 26), (38, 27), (39, 28)]
step=27, point=(66, 24), visible=[(62, 19), (63, 19), (64, 19), (65, 19), (66, 19), (67, 19), (68, 19), (61, 20), (63, 20), (64, 20), (65, 20), (66, 20), (67, 20), (68, 20), (69, 20), (71, 20), (72, 20), (61, 21), (62, 21), (64, 21), (65, 21), (66, 21), (67, 21), (68, 21), (70, 21), (71, 21), (72, 21), (73, 21), (61, 22), (62, 22), (63, 22), (65, 22), (66, 22), (67, 22), (69, 22), (70, 22), (71, 22), (72, 22), (73, 22), (61, 23), (62, 23), (63, 23), (64, 23), (66, 23), (68, 23), (69, 23), (70, 23), (71, 23), (72, 23), (73, 23), (61, 24), (62, 24), (63, 24), (64, 24), (65, 24), (66, 24), (67, 24), (68, 24), (69, 24), (70, 24), (71, 24), (72, 24), (73, 24), (61, 25), (62, 25), (63, 25), (64, 25), (66, 25), (68, 25), (69, 25), (70, 25), (71, 25), (72, 25), (73, 25), (61, 26), (62, 26), (63, 26), (65, 26), (66, 26), (67, 26), (69, 26), (70, 26), (71, 26), (72, 26), (73, 26), (61, 27), (62, 27), (64, 27), (65, 27), (66, 27), (67, 27), (68, 27), (70, 27), (71, 27), (72, 27), (73, 27), (61, 28), (63, 28), (64, 28), (65, 28), (66, 28), (67, 28), (68, 28), (69, 28), (71, 28), (72, 28), (65, 23), (64, 22), (63, 21), (62, 20), (61, 19), (67, 23), (68, 22), (69, 21), (70, 20), (71, 19), (65, 25), (64, 26), (63, 27), (62, 28), (67, 25), (68, 26), (69, 27), (70, 28)]
step=28, point=(81, 19), visible=[(81, 19), (85, 19), (86, 19), (87, 19), (88, 19), (85, 20), (86, 20), (87, 20), (88, 20), (86, 21), (87, 21), (88, 21), (85, 22), (86, 22), (87, 22), (88, 22), (86, 23), (87, 23), (85, 24), (87, 24), (84, 25), (85, 25), (86, 25), (84, 26), (85, 23), (86, 24)]
step=29, point=(73, 20), visible=[(73, 20), (73, 28)]
step=30, point=(88, 28), visible=[(88, 23), (88, 24), (87, 25), (88, 25), (85, 26), (87, 26), (88, 26), (83, 27), (84, 27), (85, 27), (86, 27), (88, 27), (81, 28), (82, 28), (83, 28), (84, 28), (85, 28), (86, 28), (87, 28), (88, 28), (87, 27), (86, 26)]
step=31, point=(14, 28), visible=[(14, 26), (14, 27), (13, 28), (14, 28)]
step=32, point=(59, 28), visible=[(59, 26), (59, 27), (58, 28), (59, 28)]
step=33, point=(43, 28), visible=[(43, 27), (42, 28), (43, 28)]
step=34, point=(16, 28), visible=[(16, 28)]
step=35, point=(46, 28), visible=[(46, 28)]
